120.42
119.55
120
120.45
119.4
120
118.34
119.11
118.9
118.74
118.77
117.95
116.78
115.92
115.85
115.8
116.65
116.45
117.52
116.52
115.59
116.35
116.8
116.74
115.8
116.47
115.38
115.04
113.84
113.29
112.31
110.86
109.26
109.5
110
109.17
110.37
111.6
110.78
111.43
111.13
111.36
111.95
110.12
109.72
109.81
106.7
106.57
107.71
107.12
111.09
109.88
110.31
110.08
108.53
110.98
111.4
113.46
113.65
113.87
115.39
114.31
117.95
117.1
116.81
116.86
117.25
118.18
117.33
117.88
116.79
117.35
117.7
115.02
114.31
113.7
113.4
113.06
112.71
112.46
113.16
113.69
113
111.64
114.42
114.35
113.85
113.05
115.19
115.12
113.86
108.73
107.51
102.65
104.64
107.25
107.83
107.9
107.7
106.14
105.66
105.8
106.62
107.41
107.39
108.57
108.59
108.86
108.77
109.23
109.1
109.63
108.14
107.78
108.52
108.71
108.23
107.52
106.27
105.58
104.81
106.05
104.41
104.19
102.83
104.27
96.82
98.25
99.26
99.83
100
99.56
98.7
98.92
97.39
97.41
97.17
96.75
96.49
95.7
94.6
95.39
95.49
94.44
93.97
92.9
93
92.91
95.94
96.25
94.94
96
96.62
96.45
97.82
97.32
98.69
98.53
98.5
99.02
99.25
97.99
97.79
97.6
99.02
99.6
99.44
99.68
98.67
97.22
95.87
94.64
94.64
94.16
94.55
92.39
90
92.72
93.48
93.33
93
93.37
94
95.2
94.2
93.97
93.99
97.61
96
103.91
105
105.01
106.93
106.64
107.88
108.89
112.11
111.62
110.8
109.34
108.97
108.91
109.95
110.23
109.51
110.42
108.78
109.72
108.65
104.89
106
105.47
106.48
105.25
105.93
106.34
105.52
104.61
103.96
101.91
102.24
101.41
101.31
100.78
102.39
102.37
100.58
100.51
97.65
96.86
97.2
96.05
93.98
96.4
96.31
96
98.84
96.67
95.02
94.19
93.79
95.92
94.29
93.13
96.52
95.86
95
95.42
96.47
94.79
93.79
96.04
99.93
101.52
98.63
97.06
95.1
98.41
96.2
97.96
100.32
100.55
98.97
98.55
98.68
100.56
105.75
102.61
107.01
108.58
106.96
107.59
109
107.27
107.4
107.28
108.91
112.02
111.07
111.94
112.18
115.19
116.04
117.64
117.52
118.98
115.29
116.55
117.34
118.75
117.99
118.29
119.21
117.33
119.27
119.2
117.64
115.76
114.92
111.38
115.2
116.26
116.37
116.9
120.96
121.11
121.85
123.13
120.79
120.8
120.99
118.7
116.93
115.4
118.08
116.7
114.33
114
111.34
110.8
111.78
110.93
111.29
110.82
112.73
110
110.19
111.74
110.63
109.88
108.01
109.07
110.17
112.83
113.85
116.44
113.25
113.63
113.38
113.67
112.21
115.66
116.25
115.93
116.58
111.79
110.27
113.76
111.75
108.97
112.49
110.23
110.15
112.03
112.17
112.23
107.09
111.11
94.87
110.43
114.08
116.1
116.43
116.04
114.32
116.04
112.53
117.81
116.53
114.58
115.97
112.95
117.42
121.5
122.6
122.32
123.15
123.38
123.09
125.32
126.2
121.99
132.85
130.97
129.08
127.74
125.72
126.04
125.03
121.94
123.85
124.48
125.89
124.94
126.43
126.9
125.57
125.46
127.67
128.86
127.21
127.48
127.49
127.71
127.23
127.72
127.03
126.1
128.19
129.18
127.92
126.7
128.9
129.5
129.58
130.66
129.86
130.28
131.23
131.86
130.34
132.6
131.6
130.07
130
130.69
128.38
129.07
127.41
126.15
125.6
127.39
126.68
124.77
126.56
128.15
129.5
126.1
128.64
130.16
134.46
132.31
130.49
128.3
126.99
128.1
125.57
125.55
126.28
126.41
127
128.37
125.95
125.85
125.85
127.64
124.47
125.03
124.82
126.09
124.05
124.57
122.76
126.54
127.23
127.12
128.25
128.75
127
125.9
123.88
124.4
122.31
124.75
126.41
127.96
128.4
128.58
129.1
128.96
129.25
130
128.79
131.56
132.94
130.02
128.62
128.48
127.63
127.49
127.28
126.06
122.77
120.17
118.55
120.02
120.02
118.5
118.5
118.05
118.4
116.32
117.63
112.42
113.74
112.3
110.26
108.95
107.84
107.03
110
109.04
111.43
112.6
112.67
109.23
107.2
106.54
108.29
111.39
112.82
113.64
113.79
112.1
112.58
113.23
112.16
112.26
111.87
107.12
106.37
110.7
110.46
112.26
114.41
110.19
114.1
115.99
115.77
115.75
113.5
118.81
119.27
117.94
119.07
116.85
117.51
114.91
115.44
113.94
114.27
113.15
111.8
109.38
108.7
109.02
108.75
108.6
109.1
109.36
108.22
108.01
106.96
106.65
105.4
104.85
105.18
104.08
102.84
103.02
98.32
97.5
95.55
97.97
100.39
101.33
100.69
101.54
98.76
99.43
99.95
99.44
99.27
100.59
100.81
98.65
98.53
100.51
102.16
100.6
101.8
102.29
101.93
101.27
99.8
102.81
101.21
100.41
98.01
99.08
99.3
98.8
98.85
103.1
103.06
102.86
101.59
101.02
101.42
101.79
100.29
100.57
100.44
99.41
98.49
97.9
97.33
96.15
96.04
95.27
94.26
94.93
94.75
95.36
96.37
94.9
97.16
98.44
99.33
97.82
96.85
97.04
95.42
94.68
94.99
93.62
95.03
96.97
96.8
95.86
95.36
93.76
95.44
96.27
94.14
93.67
93.87
93.52
92.1
90.82
90.37
90.21
90.75
91.32
91.85
92.29
92.27
92.31
91.51
92.2
94.04
94.13
94.73
92.7
92.84
92.31
91.06
89.78
90.57
91.14
89.69
89.43
87.98
86.75
86.66
86.26
86.36
85.41
84.09
84.96
84.63
84.57
83.93
83.51
84.04
85.04
85.97
84.31
84.62
84.57
84.66
84.82
81.83
80.65
81.17
75.58
75.47
75.05
74.29
74.01
74.32
74.56
74.14
75.81
74.66
75.03
75.43
77.12
77.34
77.48
76.82
77.03
76.9
77.15
78.07
77.36
76.92
75.99
75.7
76.04
75.13
75.39
75.54
76.78
76.36
76.49
75.48
75.87
76.11
75.85
75.86
74.77
75.58
73.88
74.8
75.63
74.74
76.11
76.14
77.82
78
77.5
76.38
76.71
75.8
74.09
74.48
72.87
72.37
72.26
71.8
70.74
71.79
71.99
72.68
78.58
79.14
78.56
78.7
77.28
78.78
79.27
79.07
76.89
75.7
77.12
78.11
76.97
77.76
76.78
78.98
79.38
79.17
79.64
80.55
81.16
81.41
81.14
77.92
78.5
78.53
79.4
79.29
80.41
80.31
81
80.51
80.13
80.83
81.81
80.79
79.76
79.71
78.5
76.62
74.87
74.43
74.22
73.94
74.18
74.15
75
75.23
74.69
74
73.95
74.28
73.51
74.23
74.88
74.94
74.44
74.86
75
74.23
76.61
75.58
75.9
75
74.14
75.2
73.11
72.28
71.43
71.54
71.07
69.98
69.57
70.19
69.23
69.99
69.51
69.12
70.07
69.38
68.35
68.18
69.11
69.43
69.89
70.7
70.87
68.29
67.24
66.17
63.99
65.86
67.05
66.93
66.72
72.31
72.14
71.21
71.46
71.37
70.44
70.29
70.24
69.43
71.14
71.54
71.9
72.14
71.94
72.82
72.05
71.45
70.92
71.13
67.28
65.27
65.52
66.27
66.26
66.86
66.38
65.43
65.11
65
64.28
62.97
62.19
62.96
62.7
60.86
61.35
61.87
61.91
61.39
60.93
60.72
61.09
60.42
59.94
59.09
60.02
60.06
60.12
58.57
57.53
55.91
57.04
57.7
57.96
58.2
59.78
59.9
61.63
61.65
61.63
62.2
61.79
62.79
62.25
63.53
62.36
63.64
63.66
64.75
64.39
64.64
63.66
62.86
64.27
62.98
62.28
63.44
62.59
61.7
62.72
60.46
62.74
64.84
64.5
65.42
65.69
65.58
66.42
65.1
64.47
63.11
63.49
62.16
60.06
58.54
58.75
56.22
57.71
56.09
55.42
57.86
60.04
60.22
61
62.02
61.96
61.16
60.91
60.69
60.64
61.97
61.62
61.09
63.13
64.26
65.21
66.49
66.38
64.94
64.32
65.35
65.64
63.06
62.56
61.83
61.21
62.23
61.39
61.4
60.64
62.07
60.21
61.11
62.57
63.44
64.06
63.4
64.84
64.18
63.71
65.38
65.87
66.98
66.36
66.74
68.5
68.07
67.71
66.18
65.21
63.44
64.84
65.59
65.28
65.29
65.5
62.55
64.53
65.71
72.69
72.08
71.22
72.9
70.66
71.19
71.81
74.43
75.51
74.64
75.6
74.57
76.71
78.27
79.12
72.93
72.9
73.36
74.14
74.34
73.21
75.71
75.92
75
72.7
73.54
75.88
78.25
77.11
75
79.06
75.56
81.27
83.11
84.81
83.83
84.32
82.47
84.22
82.27
81.02
80.61
81.7
77.24
75.03
76.79
77.93
76.99
79.16
77.2
80.09
81.98
84.32
83.36
85.13
85.46
84.98
87.06
88.57
88.78
90.14
87.49
90.15
91.37
92.7
90.77
90.34
89.94
92.36
91.39
91.24
92.41
95.03
95.89
94.98
94.54
95.88
96.96
94.9
95.53
98.32
98.12
100.34
99.88
100.04
99.98
99.91
98.57
96.77
95.26
95.02
97.21
96.86
96.17
96.51
95.11
95.32
95.81
96.46
96.43
97.14
94.22
95.16
93.49
95.83
92.86
91.43
90.17
90.19
90.27
89.06
88.39
88.26
88.48
88.97
88.18
87.66
86.12
87.99
86.18
84.42
82.14
82.82
82.07
86.77
84.91
87.58
87.33
86.66
87.26
86.45
86.14
85.75
86.59
88.28
86.47
86.73
85.79
84.98
83.53
82.57
81.67
82.14
81.62
82.47
82.72
83.63
84.03
83.34
81.57
81.57
81.61
82.07
82.07
83.96
81.66
82.47
81.11
80.18
80.21
81.31
82.96
81.31
81.56
80.66
82.27
79.64
81.36
76.36
76.28
77.9
79.15
80.21
80.37
80.71
82.08
80.53
81.37
80.21
82.44
84.36
82.89
83.56
85.4
86.44
87.75
87.95
80.37
81.52
84.48
85.75
87.67
82.71
87.15
89.16
89.29
90.89
91.42
89.45
89.57
89.19
89.61
85.98
86.97
87.54
88.34
86.6
85.68
85.78
85.4
86.11
85.64
85.48
83.53
85.66
82.58
79.65
78.43
77.74
76.38
76.69
74.81
77.92
77.75
78.31
77.37
75.42
74.47
74.24
73.58
73.3
72.41
71.87
70.21
73.47
72.09
71.36
70.14
68.68
67.21
66.46
65.48
65.33
65.13
65.49
65.08
63.67
63.48
64.05
-1